||||||||||||||||||||||||||SORTOWANIE |||||||||||||||||||||||||||||||||

999 
998 
997 
993 
992 
990 
989 
988 
987 
986 
985 
985 
983 
980 
977 
975 
967 
963 
961 
960 
958 
954 
953 
950 
949 
947 
946 
943 
942 
939 
934 
931 
925 
923 
920 
915 
913 
910 
909 
907 
905 
904 
901 
900 
900 
897 
896 
895 
894 
892 
889 
886 
884 
881 
878 
875 
875 
871 
869 
868 
867 
865 
864 
860 
859 
856 
852 
851 
846 
846 
845 
842 
840 
838 
835 
834 
833 
830 
828 
826 
823 
818 
815 
813 
812 
810 
809 
805 
803 
799 
796 
794 
792 
791 
787 
782 
779 
775 
772 
768 
766 
760 
753 
750 
750 
748 
746 
742 
740 
740 
739 
739 
737 
735 
735 
734 
733 
732 
728 
727 
725 
724 
722 
720 
719 
718 
718 
717 
715 
714 
712 
712 
712 
710 
709 
708 
708 
707 
706 
704 
700 
700 
700 
699 
698 
697 
692 
691 
688 
686 
685 
682 
679 
677 
674 
671 
669 
667 
666 
666 
663 
660 
656 
653 
648 
646 
644 
642 
641 
640 
635 
630 
627 
626 
624 
618 
617 
616 
614 
614 
607 
606 
606 
603 
595 
595 
592 
592 
589 
585 
584 
583 
578 
576 
574 
573 
573 
572 
569 
567 
567 
564 
562 
562 
560 
559 
554 
554 
549 
548 
544 
541 
540 
537 
537 
536 
535 
534 
533 
532 
532 
528 
522 
521 
519 
516 
513 
511 
506 
506 
504 
503 
499 
499 
498 
496 
495 
494 
493 
491 
489 
488 
486 
484 
482 
481 
478 
478 
476 
476 
474 
473 
470 
470 
468 
466 
462 
462 
460 
459 
458 
454 
451 
451 
449 
447 
441 
440 
438 
437 
436 
434 
433 
432 
430 
426 
425 
424 
419 
418 
416 
415 
414 
411 
410 
408 
405 
403 
398 
397 
396 
395 
393 
391 
387 
385 
385 
384 
383 
381 
380 
379 
378 
378 
374 
371 
369 
369 
369 
364 
361 
360 
353 
351 
349 
346 
343 
339 
337 
336 
336 
333 
332 
329 
328 
326 
322 
322 
321 
320 
317 
317 
316 
314 
311 
311 
309 
308 
306 
305 
304 
303 
303 
297 
294 
292 
292 
288 
286 
283 
283 
281 
277 
275 
272 
270 
266 
265 
263 
262 
262 
258 
258 
254 
251 
249 
249 
248 
247 
245 
241 
239 
238 
234 
232 
229 
228 
228 
224 
221 
219 
217 
215 
213 
212 
210 
206 
206 
204 
202 
199 
198 
197 
196 
193 
193 
192 
191 
190 
190 
189 
187 
186 
182 
181 
179 
178 
176 
175 
173 
173 
172 
171 
170 
169 
166 
164 
164 
162 
160 
157 
156 
153 
152 
149 
148 
147 
146 
145 
141 
141 
140 
140 
139 
136 
132 
131 
128 
127 
126 
126 
121 
121 
120 
118 
116 
115 
114 
114 
113 
110 
106 
104 
101 
99 
98 
97 
95 
91 
87 
84 
80 
78 
71 
69 
67 
67 
62 
60 
58 
56 
54 
51 
50 
48 
46 
46 
43 
42 
39 
37 
36 
34 
32 
31 
29 
28 
27 
22 
18 
16 
14 
13 
11 
9 
7 
4 
4 
2 
2 
0 
0 
0 
0 
0 
0 
0 
0 
0 
0 
0 
0 
0 
0 
0 
0 
0 
0 
0 
0 
0 
0 
0 
0 
0 
0 
0 
0 
0 
0 
0 
0 
0 
0 
0 
0 
0 
0 
0 
0 
0 
0 
0 
0 
0 
0 
0 
0 
0 
0 
0 
0 
0 
0 
0 
0 
0 
0 
0 
0 
0 
0 
0 
0 
0 
0 
0 
0 
0 
0 
0 
0 
0 
0 
0 
0 
0 
0 
0 
0 
0 
0 
0 
0 
0 
0 
0 
0 
0 
0 
0 
0 
0 
0 
0 
0 
0 
0 
0 
0 
0 
0 
0 
0 
0 
0 
0 
0 
0 
0 
0 
0 
0 
0 
0 
0 
0 
0 
0 
0 
0 
0 
0 
0 
0 
0 
0 
0 
0 
0 
0 
0 
0 
0 
0 
0 
0 
0 
0 
0 
0 
0 
0 
0 
0 
0 
0 
0 
0 
0 
0 
0 
0 
0 
0 
0 
0 
0 
0 
0 
0 
0 
0 
0 
0 
0 
0 
0 
0 
0 
0 
0 
0 
0 
0 
0 
0 
0 
0 
0 
0 
0 
0 
0 
0 
0 
0 
0 
0 
0 
0 
0 
0 
0 
0 
0 
0 
0 
0 
0 
0 
0 
0 
0 
0 
0 
0 
0 
0 
0 
0 
0 
0 
0 
0 
0 
0 
0 
0 
0 
0 
0 
0 
0 
0 
0 
0 
0 
0 
0 
0 
0 
0 
0 
0 
0 
0 
0 
0 
0 
0 
0 
0 
0 
0 
0 
0 
0 
0 
0 
0 
0 
0 
0 
0 
0 
0 
0 
0 
0 
0 
0 
0 
0 
0 
0 
0 
0 
0 
0 
0 
0 
0 
0 
0 
0 
0 
0 
0 
0 
0 
0 
0 
0 
0 
0 
0 
0 
0 
0 
0 
0 
0 
0 
0 
0 
0 
0 
0 
0 
0 
0 
0 
0 
0 
0 
0 
0 
0 
0 
0 
0 
0 
0 
0 
0 
0 
0 
0 
0 
0 
0 
0 
0 
0 
0 
0 
0 
0 
0 
0 
0 
0 
0 
0 
0 
0 
0 
0 
0 
0 
0 
0 
0 
0 
0 
0 
0 
0 
0 
0 
0 
0 
0 
0 
0 
0 
0 
0 
0 
0 
0 
0 
0 
0 
0 
0 
0 
0 
0 
0 
0 
0 
0 
0 
0 
0 
0 
0 
0 
0 
0 
0 
0 
0 
0 
0 
0 
0 
0 
0 
0 
0 
0 
0 
0 
0 
0 
0 
0 
0 
0 
0 
0 
0 
0 
0 
0 
0 
0 
0 
0 
0 
0 
0 
0 
0 
0 
0 
0 
0 
0 
0 
0 
0 
0 
0 
0 
0 
0 
0 
0 
0 
0 
0 
0 
0 
0 
0 
0 
0 
0 
0 
0 
0 
0 
0 
0 
0 
0 
0 
0 
0 
0 
0 
0 
0 
0 
0 
0 
0 
0 
0 
0 
0 
0 
0 
0 
0 
0 
0 
0 
0 
0 
0 
0 
0 
0 
0 
0 
0 
0 
0 
0 
0 
0 
0 
0 
0 
0 
0 
0 
0 
0 
0 
0 
0 
0 
0 
0
